3 0.103145 0.0960712 5 11
12 0.16155 0.106027 14 9
24 0.0897589 0.101535 5 12
36 0.173737 0.120042 16 11
48 0.0727268 0.10426 5 16
83 0.0827976 0.135514 6 16
94 0.0939158 0.160328 6 16
100 0.164146 0.0710468 8 9
109 0.116828 0.140548 4 14
141 0.247559 0.126398 25 16
144 0.0708678 0.137444 5 16
177 0.126789 0.0948828 7 11
186 0.111357 0.10102 12 9
201 0.135081 0.0720069 16 9
222 0.191449 0.157934 25 14
228 0.114082 0.218089 14 16
263 0.0978288 0.07297 9 9
266 0.177537 0.0909027 11 14
278 0.15159 0.109846 9 10
288 0.180619 0.0943045 6 10
300 0.122931 0.107889 7 11
335 0.143642 0.142322 18 14
345 0.143183 0.103794 18 11
354 0.178281 0.104176 11 9
363 0.160406 0.118981 11 10
392 0.141157 0.0771739 9 10
398 0.129246 0.0790277 8 7
410 0.088032 0.0948095 16 11
422 0.134926 0.106314 16 9
455 0.129112 0.0877006 16 7
461 0.138526 0.10117 16 10
478 0.18622 0.0942974 21 10
490 0.0914448 0.137093 16 10
496 0.118158 0.0737375 16 9
504 0.149897 0.111544 25 8
534 0.180286 0.0992851 25 11
540 0.152124 0.10165 8 12
574 0.153057 0.0899149 16 9
598 0.117247 0.0857243 8 9
611 0.125179 0.110425 18 12
622 0.091703 0.0791576 18 10
628 0.107656 0.118723 18 12
637 0.152063 0.124514 18 10
670 0.149871 0.131569 16 21
682 0.130434 0.066685 9 9
687 0.117271 0.0977057 11 9
706 0.122571 0.145886 21 16
711 0.101285 0.125668 21 16
722 0.0752797 0.0658626 25 10
732 0.0932058 0.122884 16 10
744 0.083167 0.128667 12 7
757 0.112831 0.107006 9 16
788 0.0752212 0.176828 18 10
794 0.138 0.170244 9 10
824 0.06401 0.144208 5 21
831 0.127271 0.11223 18 25
863 0.159272 0.0999193 12 10
871 0.164958 0.103894 12 10
876 0.159581 0.120656 16 16
907 0.0753879 0.166593 10 10
921 0.115806 0.18387 8 10
943 0.103101 0.192444 9 12
959 0.124208 0.209144 12 12
971 0.108985 0.127889 11 16
972 0.0775531 0.138856 9 16
1007 0.0875036 0.172981 9 11
1015 0.0664099 0.17609 11 11
1023 0.121091 0.20035 16 12
1039 0.113136 0.155088 8 16
1055 0.122068 0.0977899 21 16
1063 0.118371 0.102938 21 16
1075 0.0988446 0.122939 14 16
1099 0.251437 0.0982549 25 16
1113 0.145457 0.134391 18 21
1123 0.151862 0.216487 8 21
1129 0.202317 0.126502 8 25
1147 0.103876 0.193 12 25
1161 0.222783 0.17312 21 10
1165 0.100043 0.111655 21 16
1189 0.270933 0.144082 21 11
1201 0.120137 0.145566 14 25
1213 0.112693 0.17061 14 25
1247 0.15727 0.15394 21 18
1257 0.122628 0.138885 25 11
1263 0.089448 0.0892405 12 16
1275 0.147758 0.135877 25 16
1307 0.137394 0.109065 9 25
1311 0.135801 0.170762 18 25
1329 0.106494 0.17303 12 6
1332 0.151767 0.113237 25 18
1346 0.206383 0.221296 25 21
1366 0.0842101 0.0911603 25 12
1370 0.0964724 0.202132 25 18
1380 0.111038 0.211792 9 8
1392 0.135803 0.118351 11 8
1423 0.14216 0.111969 25 21
1439 0.232761 0.150153 25 18
1451 0.226352 0.279855 25 12
1452 0.212381 0.258596 25 21
1487 0.133755 0.166416 18 25
1491 0.175692 0.238003 21 25
1518 0.317413 0.108278 21 11
1524 0.10775 0.147024 25 25
1559 0.269026 0.178559 21 25
1570 0.220045 0.11533 25 25
1572 0.122756 0.123162 18 16
1607 0.252083 0.135898 18 25
1608 0.218581 0.151942 10 25
1620 0.204118 0.120676 25 21
1640 0.0705571 0.153888 12 16
1644 0.168639 0.127763 25 16
1657 0.0826648 0.122604 18 11
1671 0.116979 0.16167 11 12
1703 0.169247 0.144437 9 25
1706 0.103461 0.0970696 11 9
1721 0.178298 0.0990136 16 11
1729 0.12076 0.0951773 16 25
1745 0.068723 0.079255 18 11
1752 0.122237 0.0870527 12 14
1769 0.0900122 0.108475 10 9
1797 0.0709486 0.0878373 25 25
1822 0.0745435 0.0657078 21 21
1824 0.0542371 0.0701975 21 21
1852 0.0907065 0.0792421 16 16
1868 0.122588 0.18339 21 16
1878 0.152781 0.0895167 25 11
1900 0.0709973 0.107278 14 11
1909 0.0966264 0.0514906 7 9
1928 0.140062 0.0543074 8 9
1932 0.083271 0.0508441 18 9
1958 0.102192 0.0822386 25 9
1978 0.0732677 0.0567898 8 9
1990 0.0613108 0.0386127 8 9
1992 0.0921919 0.0376061 8 9
2008 0.0925048 0.0438178 25 9
2016 0.159794 0.0455183 25 9
2048 0.116805 0.0560878 16 10
2063 0.221633 0.128938 9 14
2066 0.152703 0.0781578 11 21
2077 0.0943057 0.0755068 14 21
2089 0.0566903 0.0699545 14 21
2103 0.0509039 0.0881501 14 12
2135 0.0543244 0.0813183 14 18
2139 0.0569293 0.085379 14 18
2148 0.108851 0.0839289 18 18
2174 0.104847 0.0858386 14 12
2195 0.0741983 0.175673 7 16
2206 0.145518 0.0762816 21 8
2230 0.206982 0.231221 25 25
2243 0.289549 0.184118 21 21
2250 0.216431 0.172467 25 21
2272 0.209352 0.19963 25 25
2302 0.240352 0.162728 25 25
2327 0.180932 0.125937 21 25
2331 0.20101 0.137942 25 25
2340 0.159852 0.118391 25 16
2375 0.156064 0.180152 18 25
2378 0.229295 0.167011 25 25
2394 0.214952 0.132361 25 25
